00000000000000000000000000000000
00111110101010100111111011111010
00000000000000000000000000000000
00000000000000000000000000000000
00000000000000000000000000000000
00111101111000110101001111111000
00111110101010100111111011111010
00111101111000110101001111111000
00111101111000110101001111111000
00000000000000000000000000000000
00000000000000000000000000000000
00000000000000000000000000000000
00000000000000000000000000000000
00111111000110011001100110011010
00111101010011001100110011001101
00000000000000000000000000000000
00000000000000000000000000000000
00000000000000000000000000000000
00000000000000000000000000000000
00111110101100110011001100110011
00000000000000000000000000000000
00000000000000000000000000000000
00000000000000000000000000000000
00111101000110111010010111100011
00000000000000000000000000000000
00111110010001001001101110100110
00111101100111011011001000101101
00111110100111011011001000101101
00111110000111011011001000101101
00111101100111011011001000101101
00111101000110111010010111100011
00111101111010111000010100011111
00111101000110111010010111100011
00000000000000000000000000000000
00111110101010100111111011111010
00111101100010010011011101001100
00000000000000000000000000000000
00000000000000000000000000000000
00111110101010100111111011111010
00000000000000000000000000000000
00111110100010001011010000111001
00000000000000000000000000000000
00000000000000000000000000000000
00000000000000000000000000000000
00000000000000000000000000000000
00000000000000000000000000000000
00000000000000000000000000000000
00000000000000000000000000000000
00000000000000000000000000000000
00111110101010100111111011111010
00111111001010101100000010000011
00000000000000000000000000000000
00000000000000000000000000000000
00000000000000000000000000000000
00000000000000000000000000000000
00000000000000000000000000000000
00111110010000001000001100010010
00111110000111111011111001110111
00111110000000000000000000000000
00000000000000000000000000000000
00111101110000001000001100010010
00111110000000000000000000000000
00111110000000000000000000000000
00111110000000000000000000000000
00111101100000010000011000100101
00000000000000000000000000000000
00000000000000000000000000000000
00111110000111011011001000101101
00000000000000000000000000000000
00111110011011001000101101000100
00000000000000000000000000000000
00111110110001010001111010111000
00000000000000000000000000000000
00111110000111011011001000101101
00000000000000000000000000000000
00111101100111011011001000101101
00000000000000000000000000000000
00000000000000000000000000000000
00111101111100011010100111111100
00111110001101000011100101011000
00111101011100011010100111111100
00111101011100011010100111111100
00111110111100010010011011101001
00111101011100011010100111111100
00000000000000000000000000000000
00111101011100011010100111111100
00000000000000000000000000000000
00000000000000000000000000000000
00000000000000000000000000000000
00111101100010010011011101001100
00111110111011110001101010100000
00111101100010010011011101001100
00000000000000000000000000000000
00111101100010010011011101001100
00111101100010010011011101001100
00000000000000000000000000000000
00111101100010010011011101001100
00111110010011001100110011001101
00000000000000000000000000000000
00000000000000000000000000000000
00111110101010100111111011111010
00000000000000000000000000000000
00000000000000000000000000000000
00000000000000000000000000000000
00111101111000110101001111111000
00111101111000110101001111111000
00111110111000110101001111111000
00000000000000000000000000000000
00000000000000000000000000000000
00000000000000000000000000000000
00000000000000000000000000000000
00000000000000000000000000000000
00111111100000000000000000000000
00000000000000000000000000000000
00000000000000000000000000000000
00000000000000000000000000000000
00000000000000000000000000000000
00000000000000000000000000000000
00000000000000000000000000000000
00000000000000000000000000000000
00000000000000000000000000000000